1: 
electric: 100 101 102 103 104 105 106 107 108 109 201 203 502 600 
lady: 107 108 109 200 202 301 401 
road: 102 103 104 105 106 107 108 109 302 500 503 
2: 
electric: 205 302 400 500 603 
lady: 300 402 403 
road: 204 205 300 400 501 600 
3: 
electric: 305 306 307 308 309 503 602 604 
lady: 102 104 201 204 302 303 304 
road: 200 303 304 601 
4: 
electric: 200 202 204 300 301 303 401 402 403 404 405 501 
lady: 101 103 105 205 404 405 406 
road: 101 401 402 403 404 405 406 407 502 
5: 
electric: 304 504 505 506 507 508 601 
lady: 203 400 501 502 503 504 505 506 507 508 
road: 504 505 506 507 
6: 
electric: 605 606 607 608 609 
lady: 100 106 500 600 601 602 603 604 605 606 607 
road: 100 201 202 203 301 602 603 604 605 606 607 
24210
