1: 
electric: 100 105 300 413 506 508 514 604 
lady: 304 400 401 402 403 404 405 406 408 410 501 502 503 505 600 601 701 704 
road: 103 104 108 201 300 400 412 414 604 709 710 802 
2: 
electric: 102 103 201 306 307 308 309 400 401 402 404 405 406 407 408 410 414 415 501 502 504 505 510 601 603 605 606 608 801 
lady: 202 409 411 414 415 500 510 512 514 602 700 706 
road: 106 205 401 405 410 416 502 504 505 601 605 703 704 707 711 
3: 
electric: 305 500 503 
lady: 204 300 413 416 504 516 707 
road: 204 402 415 506 705 
4: 
electric: 101 202 304 701 702 
lady: 303 508 
road: 102 417 500 600 603 700 701 706 
5: 
electric: 106 109 200 515 516 517 518 602 609 700 703 
lady: 104 105 106 109 506 518 703 
road: 107 202 301 404 407 413 508 509 510 511 512 513 514 515 516 517 606 800 801 
6: 
electric: 301 302 403 
lady: 107 200 302 507 513 604 607 608 609 610 611 612 613 614 615 616 617 702 705 800 801 
road: 101 607 608 609 610 611 612 613 614 615 616 617 702 708 
7: 
electric: 204 205 412 507 704 705 706 707 708 709 710 711 712 713 714 715 716 717 718 719 800 802 
lady: 101 201 203 301 407 509 515 603 605 606 708 709 710 711 712 713 714 715 716 717 718 719 
road: 712 713 714 715 716 717 718 719 
8: 
electric: 107 108 203 303 409 411 509 512 513 600 
lady: 205 412 802 
road: 100 105 109 200 203 304 408 411 
9: 
electric: 104 511 607 
lady: 100 102 103 108 511 517 
road: 302 303 403 406 409 501 503 507 602 
1682145
